{
 "cells": [
  {
   "cell_type": "code",
   "execution_count": 1,
   "id": "ec720769-17ae-422e-a156-899a9ab1a594",
   "metadata": {},
   "outputs": [
    {
     "name": "stdout",
     "output_type": "stream",
     "text": [
      "Data matrix:\n",
      "[[5.1 3.5 1.4 0.2]\n",
      " [4.9 3.  1.4 0.2]\n",
      " [4.7 3.2 1.3 0.2]\n",
      " [4.6 3.1 1.5 0.2]\n",
      " [5.  3.6 1.4 0.2]\n",
      " [5.4 3.9 1.7 0.4]\n",
      " [4.6 3.4 1.4 0.3]\n",
      " [5.  3.4 1.5 0.2]\n",
      " [4.4 2.9 1.4 0.2]\n",
      " [4.9 3.1 1.5 0.1]\n",
      " [5.4 3.7 1.5 0.2]\n",
      " [4.8 3.4 1.6 0.2]\n",
      " [4.8 3.  1.4 0.1]\n",
      " [4.3 3.  1.1 0.1]\n",
      " [5.8 4.  1.2 0.2]\n",
      " [5.7 4.4 1.5 0.4]\n",
      " [5.4 3.9 1.3 0.4]\n",
      " [5.1 3.5 1.4 0.3]\n",
      " [5.7 3.8 1.7 0.3]\n",
      " [5.1 3.8 1.5 0.3]\n",
      " [5.4 3.4 1.7 0.2]\n",
      " [5.1 3.7 1.5 0.4]\n",
      " [4.6 3.6 1.  0.2]\n",
      " [5.1 3.3 1.7 0.5]\n",
      " [4.8 3.4 1.9 0.2]\n",
      " [5.  3.  1.6 0.2]\n",
      " [5.  3.4 1.6 0.4]\n",
      " [5.2 3.5 1.5 0.2]\n",
      " [5.2 3.4 1.4 0.2]\n",
      " [4.7 3.2 1.6 0.2]\n",
      " [4.8 3.1 1.6 0.2]\n",
      " [5.4 3.4 1.5 0.4]\n",
      " [5.2 4.1 1.5 0.1]\n",
      " [5.5 4.2 1.4 0.2]\n",
      " [4.9 3.1 1.5 0.1]\n",
      " [5.  3.2 1.2 0.2]\n",
      " [5.5 3.5 1.3 0.2]\n",
      " [4.9 3.1 1.5 0.1]\n",
      " [4.4 3.  1.3 0.2]\n",
      " [5.1 3.4 1.5 0.2]\n",
      " [5.  3.5 1.3 0.3]\n",
      " [4.5 2.3 1.3 0.3]\n",
      " [4.4 3.2 1.3 0.2]\n",
      " [5.  3.5 1.6 0.6]\n",
      " [5.1 3.8 1.9 0.4]\n",
      " [4.8 3.  1.4 0.3]\n",
      " [5.1 3.8 1.6 0.2]\n",
      " [4.6 3.2 1.4 0.2]\n",
      " [5.3 3.7 1.5 0.2]\n",
      " [5.  3.3 1.4 0.2]\n",
      " [7.  3.2 4.7 1.4]\n",
      " [6.4 3.2 4.5 1.5]\n",
      " [6.9 3.1 4.9 1.5]\n",
      " [5.5 2.3 4.  1.3]\n",
      " [6.5 2.8 4.6 1.5]\n",
      " [5.7 2.8 4.5 1.3]\n",
      " [6.3 3.3 4.7 1.6]\n",
      " [4.9 2.4 3.3 1. ]\n",
      " [6.6 2.9 4.6 1.3]\n",
      " [5.2 2.7 3.9 1.4]\n",
      " [5.  2.  3.5 1. ]\n",
      " [5.9 3.  4.2 1.5]\n",
      " [6.  2.2 4.  1. ]\n",
      " [6.1 2.9 4.7 1.4]\n",
      " [5.6 2.9 3.6 1.3]\n",
      " [6.7 3.1 4.4 1.4]\n",
      " [5.6 3.  4.5 1.5]\n",
      " [5.8 2.7 4.1 1. ]\n",
      " [6.2 2.2 4.5 1.5]\n",
      " [5.6 2.5 3.9 1.1]\n",
      " [5.9 3.2 4.8 1.8]\n",
      " [6.1 2.8 4.  1.3]\n",
      " [6.3 2.5 4.9 1.5]\n",
      " [6.1 2.8 4.7 1.2]\n",
      " [6.4 2.9 4.3 1.3]\n",
      " [6.6 3.  4.4 1.4]\n",
      " [6.8 2.8 4.8 1.4]\n",
      " [6.7 3.  5.  1.7]\n",
      " [6.  2.9 4.5 1.5]\n",
      " [5.7 2.6 3.5 1. ]\n",
      " [5.5 2.4 3.8 1.1]\n",
      " [5.5 2.4 3.7 1. ]\n",
      " [5.8 2.7 3.9 1.2]\n",
      " [6.  2.7 5.1 1.6]\n",
      " [5.4 3.  4.5 1.5]\n",
      " [6.  3.4 4.5 1.6]\n",
      " [6.7 3.1 4.7 1.5]\n",
      " [6.3 2.3 4.4 1.3]\n",
      " [5.6 3.  4.1 1.3]\n",
      " [5.5 2.5 4.  1.3]\n",
      " [5.5 2.6 4.4 1.2]\n",
      " [6.1 3.  4.6 1.4]\n",
      " [5.8 2.6 4.  1.2]\n",
      " [5.  2.3 3.3 1. ]\n",
      " [5.6 2.7 4.2 1.3]\n",
      " [5.7 3.  4.2 1.2]\n",
      " [5.7 2.9 4.2 1.3]\n",
      " [6.2 2.9 4.3 1.3]\n",
      " [5.1 2.5 3.  1.1]\n",
      " [5.7 2.8 4.1 1.3]\n",
      " [6.3 3.3 6.  2.5]\n",
      " [5.8 2.7 5.1 1.9]\n",
      " [7.1 3.  5.9 2.1]\n",
      " [6.3 2.9 5.6 1.8]\n",
      " [6.5 3.  5.8 2.2]\n",
      " [7.6 3.  6.6 2.1]\n",
      " [4.9 2.5 4.5 1.7]\n",
      " [7.3 2.9 6.3 1.8]\n",
      " [6.7 2.5 5.8 1.8]\n",
      " [7.2 3.6 6.1 2.5]\n",
      " [6.5 3.2 5.1 2. ]\n",
      " [6.4 2.7 5.3 1.9]\n",
      " [6.8 3.  5.5 2.1]\n",
      " [5.7 2.5 5.  2. ]\n",
      " [5.8 2.8 5.1 2.4]\n",
      " [6.4 3.2 5.3 2.3]\n",
      " [6.5 3.  5.5 1.8]\n",
      " [7.7 3.8 6.7 2.2]\n",
      " [7.7 2.6 6.9 2.3]\n",
      " [6.  2.2 5.  1.5]\n",
      " [6.9 3.2 5.7 2.3]\n",
      " [5.6 2.8 4.9 2. ]\n",
      " [7.7 2.8 6.7 2. ]\n",
      " [6.3 2.7 4.9 1.8]\n",
      " [6.7 3.3 5.7 2.1]\n",
      " [7.2 3.2 6.  1.8]\n",
      " [6.2 2.8 4.8 1.8]\n",
      " [6.1 3.  4.9 1.8]\n",
      " [6.4 2.8 5.6 2.1]\n",
      " [7.2 3.  5.8 1.6]\n",
      " [7.4 2.8 6.1 1.9]\n",
      " [7.9 3.8 6.4 2. ]\n",
      " [6.4 2.8 5.6 2.2]\n",
      " [6.3 2.8 5.1 1.5]\n",
      " [6.1 2.6 5.6 1.4]\n",
      " [7.7 3.  6.1 2.3]\n",
      " [6.3 3.4 5.6 2.4]\n",
      " [6.4 3.1 5.5 1.8]\n",
      " [6.  3.  4.8 1.8]\n",
      " [6.9 3.1 5.4 2.1]\n",
      " [6.7 3.1 5.6 2.4]\n",
      " [6.9 3.1 5.1 2.3]\n",
      " [5.8 2.7 5.1 1.9]\n",
      " [6.8 3.2 5.9 2.3]\n",
      " [6.7 3.3 5.7 2.5]\n",
      " [6.7 3.  5.2 2.3]\n",
      " [6.3 2.5 5.  1.9]\n",
      " [6.5 3.  5.2 2. ]\n",
      " [6.2 3.4 5.4 2.3]\n",
      " [5.9 3.  5.1 1.8]]\n",
      "shape: (150, 4)\n"
     ]
    }
   ],
   "source": [
    "import pandas as pd\n",
    "import numpy as np\n",
    "beta=1 #STIFFNESS\n",
    "# Loading and trasforming into a numpy matrix the dataset\n",
    "df=pd.read_csv('Iris.csv')\n",
    "selected_columns = ['SepalLengthCm', 'SepalWidthCm', 'PetalLengthCm', 'PetalWidthCm']\n",
    "data_matrix = df[selected_columns].to_numpy()\n",
    "print(\"Data matrix:\")\n",
    "print(data_matrix)\n",
    "print(f\"shape: {data_matrix.shape}\")"
   ]
  },
  {
   "cell_type": "code",
   "execution_count": 2,
   "id": "34aec3b8-0d12-40b1-936c-1707e2b4a4c4",
   "metadata": {},
   "outputs": [
    {
     "name": "stdout",
     "output_type": "stream",
     "text": [
      "Initial centroids:\n",
      "[[6.4377174  4.17278671 3.99181337 1.24766903]\n",
      " [6.8360886  4.03017446 5.72086836 0.96281965]\n",
      " [6.28201374 3.35410348 5.9770345  2.26245988]]\n"
     ]
    }
   ],
   "source": [
    "#Finding the range of the dataset\n",
    "max_values=df[selected_columns].max()\n",
    "min_values=df[selected_columns].min()\n",
    "\n",
    "# Generate initial centroids randomly within the range of the dataset\n",
    "initial_centroids=np.random.uniform(min_values, max_values, (3,4))\n",
    "print(\"Initial centroids:\")\n",
    "print(initial_centroids)"
   ]
  },
  {
   "cell_type": "code",
   "execution_count": 3,
   "id": "311c2aab-1d05-454c-9c7a-4ed31b887414",
   "metadata": {},
   "outputs": [],
   "source": [
    "# Euclidean distance function\n",
    "def d(a,b):\n",
    "    return np.sqrt(np.sum((a-b)**2))"
   ]
  },
  {
   "cell_type": "code",
   "execution_count": 4,
   "id": "ea16286b-09b9-40f1-82a3-853afdfa68c2",
   "metadata": {},
   "outputs": [],
   "source": [
    "# First assignment\n",
    "responsibilities=np.zeros((data_matrix.shape[0],3))\n",
    "for i in range(data_matrix.shape[0]):\n",
    "    distances = np.array([d(data_matrix[i], centroid) for centroid in initial_centroids])\n",
    "    responsibilities[i]=np.exp(-beta*distances)/np.sum(np.exp(-beta*distances))\n",
    "#print(\"Initial responsibilities:\")\n",
    "#print(responsibilities)\n"
   ]
  },
  {
   "cell_type": "code",
   "execution_count": 5,
   "id": "3c1d5441-2cf5-4305-bf66-c1f067c4daf9",
   "metadata": {},
   "outputs": [
    {
     "name": "stdout",
     "output_type": "stream",
     "text": [
      "52.22519654127488\n",
      "48.83505232257516\n",
      "48.939751136149965\n",
      "[[0.94464506 0.0298545  0.02550043]\n",
      " [0.93925611 0.03285068 0.02789321]\n",
      " [0.94387746 0.03034559 0.02577695]\n",
      " [0.93701394 0.03408163 0.02890442]\n",
      " [0.94420038 0.03009076 0.02570886]\n",
      " [0.90608069 0.05044035 0.04347897]\n",
      " [0.94185833 0.03141931 0.02672235]\n",
      " [0.94656652 0.02884657 0.02458691]\n",
      " [0.92962382 0.03810833 0.03226785]\n",
      " [0.94093843 0.03193492 0.02712665]\n",
      " [0.92770866 0.03888662 0.03340472]\n",
      " [0.94331698 0.03062271 0.02606031]\n",
      " [0.93905683 0.03296858 0.02797459]\n",
      " [0.93725194 0.03396757 0.02878049]\n",
      " [0.90517633 0.05076917 0.0440545 ]\n",
      " [0.87479886 0.06683535 0.0583658 ]\n",
      " [0.92302308 0.04134108 0.03563585]\n",
      " [0.94419461 0.03009521 0.02571018]\n",
      " [0.89001716 0.05899499 0.05098785]\n",
      " [0.9343132  0.03536345 0.03032335]\n",
      " [0.92586249 0.03995376 0.03418374]\n",
      " [0.93623887 0.03434465 0.02941648]\n",
      " [0.94497267 0.02970421 0.02532312]\n",
      " [0.93727214 0.03386664 0.02886123]\n",
      " [0.92812328 0.03883506 0.03304166]\n",
      " [0.93479496 0.03526054 0.02994451]\n",
      " [0.94500055 0.02969065 0.0253088 ]\n",
      " [0.94147831 0.03155039 0.0269713 ]\n",
      " [0.94297562 0.030756   0.02626838]\n",
      " [0.93898825 0.03299789 0.02801386]\n",
      " [0.938273   0.03338917 0.02833783]\n",
      " [0.92990728 0.03776192 0.0323308 ]\n",
      " [0.92099887 0.04242802 0.03657311]\n",
      " [0.90755133 0.04952567 0.042923  ]\n",
      " [0.94093843 0.03193492 0.02712665]\n",
      " [0.94467753 0.02988144 0.02544103]\n",
      " [0.9300229  0.03765704 0.03232007]\n",
      " [0.94093843 0.03193492 0.02712665]\n",
      " [0.93484892 0.03526777 0.02988331]\n",
      " [0.94539431 0.0294676  0.02513809]\n",
      " [0.94534589 0.02948367 0.02517045]\n",
      " [0.90502123 0.05144259 0.04353618]\n",
      " [0.93859093 0.03322227 0.0281868 ]\n",
      " [0.93343185 0.03590465 0.0306635 ]\n",
      " [0.9101274  0.04837908 0.04149351]\n",
      " [0.93802464 0.03352467 0.02845069]\n",
      " [0.93227434 0.03646427 0.03126139]\n",
      " [0.94111455 0.03184934 0.02703611]\n",
      " [0.93251957 0.03631945 0.03116099]\n",
      " [0.94635426 0.02897146 0.02467429]\n",
      " [0.02872513 0.47569168 0.49558319]\n",
      " [0.03035593 0.50174817 0.4678959 ]\n",
      " [0.02135685 0.46935572 0.50928743]\n",
      " [0.1130086  0.47783329 0.40915811]\n",
      " [0.02338047 0.50161965 0.47499988]\n",
      " [0.04832213 0.51213839 0.43953948]\n",
      " [0.02420597 0.49287191 0.48292212]\n",
      " [0.39555016 0.32706764 0.27738219]\n",
      " [0.02808712 0.49638521 0.47552767]\n",
      " [0.15034906 0.45844028 0.39121066]\n",
      " [0.29931328 0.377832   0.32285472]\n",
      " [0.05731619 0.50891837 0.43376544]\n",
      " [0.10301714 0.48036676 0.4166161 ]\n",
      " [0.02416583 0.52242274 0.45341143]\n",
      " [0.1904278  0.4380534  0.3715188 ]\n",
      " [0.03615131 0.49258533 0.47126336]\n",
      " [0.04799741 0.50910096 0.44290163]\n",
      " [0.09770731 0.48762244 0.41467026]\n",
      " [0.0363107  0.50338751 0.46030179]\n",
      " [0.13564033 0.46765128 0.39670839]\n",
      " [0.02454153 0.49691533 0.47854314]\n",
      " [0.07746976 0.49750307 0.42502717]\n",
      " [0.01953271 0.49300322 0.48746407]\n",
      " [0.03009593 0.51383742 0.45606664]\n",
      " [0.0431563  0.50727881 0.44956489]\n",
      " [0.03468365 0.49876345 0.46655291]\n",
      " [0.02235365 0.47955889 0.49808746]\n",
      " [0.01632869 0.45990116 0.52377015]\n",
      " [0.03213022 0.52408933 0.44378046]\n",
      " [0.23369704 0.41475553 0.35154743]\n",
      " [0.16384578 0.4521482  0.38400601]\n",
      " [0.19687464 0.43446213 0.36866323]\n",
      " [0.11363791 0.48003652 0.40632557]\n",
      " [0.01776237 0.48751653 0.4947211 ]\n",
      " [0.0583845  0.50148477 0.44013073]\n",
      " [0.03905917 0.5016741  0.45926672]\n",
      " [0.02342015 0.4817606  0.49481925]\n",
      " [0.04267374 0.5037571  0.45356916]\n",
      " [0.09430352 0.48951097 0.4161855 ]\n",
      " [0.11211703 0.47976825 0.40811473]\n",
      " [0.07022266 0.49960881 0.43016852]\n",
      " [0.02835277 0.52140944 0.45023778]\n",
      " [0.09772448 0.48831032 0.41396519]\n",
      " [0.37705906 0.33702498 0.28591596]\n",
      " [0.07896728 0.49808394 0.42294878]\n",
      " [0.08093175 0.4965675  0.42250076]\n",
      " [0.07417696 0.50108411 0.42473893]\n",
      " [0.04589421 0.51269402 0.44141177]\n",
      " [0.47380062 0.28491188 0.2412875 ]\n",
      " [0.08507802 0.49568662 0.41923536]\n",
      " [0.01600217 0.45644197 0.52755585]\n",
      " [0.02009247 0.4866582  0.49324933]\n",
      " [0.01459095 0.45174591 0.53366315]\n",
      " [0.01432518 0.45731763 0.52835719]\n",
      " [0.01415684 0.45361672 0.53222644]\n",
      " [0.01501476 0.45215097 0.53283428]\n",
      " [0.08149215 0.48468299 0.43382486]\n",
      " [0.01507275 0.45336716 0.53156009]\n",
      " [0.01443126 0.45760757 0.52796116]\n",
      " [0.01665189 0.45205864 0.53128948]\n",
      " [0.01612164 0.45719764 0.52668072]\n",
      " [0.01401162 0.45765795 0.52833043]\n",
      " [0.01450872 0.45191133 0.53357994]\n",
      " [0.02429096 0.49116391 0.48454513]\n",
      " [0.02194071 0.47806635 0.49999294]\n",
      " [0.01639472 0.45799823 0.52560704]\n",
      " [0.0141052  0.45308128 0.53281352]\n",
      " [0.01737099 0.45184438 0.53078463]\n",
      " [0.01445399 0.45300296 0.53254306]\n",
      " [0.02519388 0.49453885 0.48026727]\n",
      " [0.01515942 0.45199611 0.53284447]\n",
      " [0.02732304 0.49471179 0.47796517]\n",
      " [0.01511634 0.45300569 0.53187796]\n",
      " [0.01553134 0.47664586 0.5078228 ]\n",
      " [0.01518712 0.45243427 0.5323786 ]\n",
      " [0.01578409 0.45280063 0.53141528]\n",
      " [0.01659555 0.49361339 0.48979106]\n",
      " [0.01680501 0.48486086 0.49833413]\n",
      " [0.01399034 0.45559214 0.53041751]\n",
      " [0.01635048 0.45498977 0.52865975]\n",
      " [0.0152397  0.45345435 0.53130595]\n",
      " [0.01911462 0.45263389 0.52825149]\n",
      " [0.01418465 0.45600018 0.52981517]\n",
      " [0.01550778 0.47222427 0.51226795]\n",
      " [0.01787471 0.47277086 0.50935443]\n",
      " [0.01598303 0.45238723 0.53162974]\n",
      " [0.01719511 0.4581322  0.52467269]\n",
      " [0.01456319 0.45463197 0.53080484]\n",
      " [0.02002071 0.50081662 0.47916266]\n",
      " [0.01543277 0.45268828 0.53187896]\n",
      " [0.01505662 0.45333243 0.53161095]\n",
      " [0.01778231 0.4577358  0.5244819 ]\n",
      " [0.02009247 0.4866582  0.49324933]\n",
      " [0.01468958 0.45195765 0.53335277]\n",
      " [0.01586483 0.45376902 0.53036615]\n",
      " [0.01602687 0.45632867 0.52764447]\n",
      " [0.0166837  0.47589534 0.50742096]\n",
      " [0.01446221 0.45326443 0.53227336]\n",
      " [0.01818549 0.46146123 0.52035328]\n",
      " [0.01852454 0.48236176 0.4991137 ]]\n"
     ]
    }
   ],
   "source": [
    "for k in range(10):\n",
    "    # Calculating the new centroids\n",
    "    for j in range(3):\n",
    "        r_j = responsibilities[:, j] # prendo le colonne della matrice responsibilities\n",
    "        initial_centroids[j] = np.sum(r_j[:, np.newaxis] * data_matrix, axis=0) / np.sum(r_j)\n",
    "\n",
    "    # Updating the responsibilities with the new centroids\n",
    "    for i in range(data_matrix.shape[0]):\n",
    "        distances = np.array([d(data_matrix[i], centroid) for centroid in initial_centroids])\n",
    "        responsibilities[i]=np.exp(-beta*distances)/np.sum(np.exp(-beta*distances))\n",
    "\n",
    "print(np.sum(responsibilities[:, 0]))\n",
    "print(np.sum(responsibilities[:, 1]))\n",
    "print(np.sum(responsibilities[:, 2]))\n",
    "print(responsibilities)"
   ]
  }
 ],
 "metadata": {
  "kernelspec": {
   "display_name": "Python [conda env:base] *",
   "language": "python",
   "name": "conda-base-py"
  },
  "language_info": {
   "codemirror_mode": {
    "name": "ipython",
    "version": 3
   },
   "file_extension": ".py",
   "mimetype": "text/x-python",
   "name": "python",
   "nbconvert_exporter": "python",
   "pygments_lexer": "ipython3",
   "version": "3.13.5"
  }
 },
 "nbformat": 4,
 "nbformat_minor": 5
}
